每幅图像的标定误差：
第1幅图像的平均误差：0.0618099像素
第2幅图像的平均误差：0.124587像素
第3幅图像的平均误差：0.123648像素
第4幅图像的平均误差：0.154803像素
第5幅图像的平均误差：0.0753512像素
第6幅图像的平均误差：0.133906像素
第7幅图像的平均误差：0.0601677像素
第8幅图像的平均误差：0.0886187像素
第9幅图像的平均误差：0.0965575像素
第10幅图像的平均误差：0.191701像素
第11幅图像的平均误差：0.137506像素
第12幅图像的平均误差：0.103995像素
第13幅图像的平均误差：0.162105像素
第14幅图像的平均误差：0.0991453像素
第15幅图像的平均误差：0.110778像素
第16幅图像的平均误差：0.118957像素
第17幅图像的平均误差：0.071928像素
第18幅图像的平均误差：0.117785像素
总体平均误差：0.112964像素

相机内参数矩阵：
[2045.236389414933, 0, 308.9799326408784;
 0, 1949.325358317255, 240.6474718380603;
 0, 0, 1]

畸变系数：
[-5.501079376038474, 55.38717654299517, -0.1241196675671803, 0.1598445398794238, -954.772369151846]


第1幅图像的旋转向量：
[-21.42222472894872;
 -73.15252661768294;
 1192.366656321177]
第1幅图像的旋转矩阵：
[0.5443302962292397, -0.8367566151769933, -0.05952222748292854;
 0.8377573587978885, 0.5458924333551439, -0.01280855126803072;
 0.04321037360373266, -0.04289310157987074, 0.9981448018448449]
第1幅图像的平移向量：
[-1.917630303975265;
 -2.013920087121262;
 0.1923003539672346]

第2幅图像的旋转向量：
[-42.91526550556256;
 -65.75682179215654;
 665.7685135845566]
第2幅图像的旋转矩阵：
[-0.334597386298139, 0.9423348433400062, 0.007045006019856428;
 -0.9255053790665412, -0.3271956880263473, -0.1907426933223473;
 -0.1774383904383482, -0.07034219760805818, 0.9816147884146393]
第2幅图像的平移向量：
[1.894130970487884;
 2.20638284948035;
 0.2039038297554952]

第3幅图像的旋转向量：
[-12.4290774003446;
 -72.70555484573364;
 839.4127374407516]
第3幅图像的旋转矩阵：
[0.7646481738941042, -0.6417352045604976, -0.05906858207294442;
 0.6423343840994109, 0.7663494492921294, -0.01072662916672531;
 0.05215083090462096, -0.02973968388107451, 0.9981962943422559]
第3幅图像的平移向量：
[-1.980773721776542;
 -1.968339667508634;
 0.1799128954066476]

第4幅图像的旋转向量：
[-34.70977475367455;
 -69.39094745145695;
 686.6873714066552]
第4幅图像的旋转矩阵：
[0.9956296902470606, 0.09293771979307799, 0.009170612749716808;
 -0.0928935254768336, 0.9956628132213385, -0.005133740610373346;
 -0.009607956235683741, 0.004259414024610767, 0.9999447707594356]
第4幅图像的平移向量：
[-1.79063239691951;
 -2.114111781100238;
 0.2317635323155544]

第5幅图像的旋转向量：
[-39.03907053236074;
 -73.36888634968486;
 832.6001131146897]
第5幅图像的旋转矩阵：
[0.4776969833549101, -0.8726545723658009, -0.1013883100888836;
 0.8769374104012481, 0.4805820695097785, -0.004653246657044079;
 0.05278608085823025, -0.08668836020342804, 0.9948360457245549]
第5幅图像的平移向量：
[-1.908803331702454;
 -2.092206132405748;
 0.2296445446352039]

第6幅图像的旋转向量：
[-32.3675394189959;
 -69.66820517304124;
 733.4325448150651]
第6幅图像的旋转矩阵：
[-0.6719275526001178, -0.7267167366852012, -0.1428150856122272;
 0.7406089152411626, -0.6602038450979135, -0.1250172691400616;
 -0.003434926800419041, -0.1897726733213772, 0.9818220478978524]
第6幅图像的平移向量：
[-1.816813796592972;
 -2.087439948472716;
 0.1903381613456011]

第7幅图像的旋转向量：
[-72.81961546205632;
 -74.83368924572676;
 862.1908163750419]
第7幅图像的旋转矩阵：
[0.1650812059085139, -0.97401535689246, -0.1550557318948401;
 0.9861647213161661, 0.1654127158631966, 0.01085245880755292;
 0.01507772818428182, -0.1547020296195724, 0.9878461135948176]
第7幅图像的平移向量：
[-1.872398070513813;
 -2.243300570452416;
 0.2145823007854727]

第8幅图像的旋转向量：
[-56.74119654440587;
 -76.72644965489938;
 809.0831686625321]
第8幅图像的旋转矩阵：
[-0.5169024226759357, 0.8556722625790568, -0.02523617412734887;
 -0.8356756352449236, -0.5107765379647778, -0.201875112192437;
 -0.1856289796603471, -0.08326047872522323, 0.9790860915122348]
第8幅图像的平移向量：
[-1.796021080322382;
 -2.164364933610174;
 0.1521742500498294]

第9幅图像的旋转向量：
[8.246139576978894;
 -67.34635986323008;
 741.8157074199423]
第9幅图像的旋转矩阵：
[-0.9375248482517992, 0.3438948786427367, 0.05275861402404788;
 -0.3477735699847093, -0.9219236404361031, -0.1706175407897252;
 -0.01003508497879126, -0.1783062355845707, 0.9839238707446463]
第9幅图像的平移向量：
[2.054893830062543;
 2.017533005842135;
 0.2224361229599283]

第10幅图像的旋转向量：
[-7.024517780475447;
 -73.03457219656174;
 696.7582124262382]
第10幅图像的旋转矩阵：
[-0.99916642155865, 0.03745787288848326, -0.01622867179877224;
 -0.0332784719300194, -0.9776405979849427, -0.2076328598214804;
 -0.02364329367251834, -0.2069197161469004, 0.9780721986305522]
第10幅图像的平移向量：
[-1.767820272457786;
 -2.059679998498997;
 0.2422097117070774]

第11幅图像的旋转向量：
[7.445978921398175;
 -49.68643061554333;
 727.9369971496072]
第11幅图像的旋转矩阵：
[0.6828136952466435, -0.7291098400134814, -0.04652202466723922;
 0.7286689829723734, 0.6842515641081097, -0.02900534898277504;
 0.0529808535004008, -0.01409390687924577, 0.9984960645647274]
第11幅图像的平移向量：
[2.01154310320782;
 2.069427842713656;
 0.2361795829091695]

第12幅图像的旋转向量：
[-2.595200885313741;
 -74.22902875884327;
 793.9794526528104]
第12幅图像的旋转矩阵：
[0.8685269583334415, 0.4935296268976906, 0.04571028355071557;
 -0.4934499718057651, 0.8696647301238296, -0.01379791663753382;
 -0.0465623020581043, -0.01057187556079849, 0.9988594433022981]
第12幅图像的平移向量：
[-1.809368290770379;
 -2.081952824920545;
 0.1709750152249702]

第13幅图像的旋转向量：
[28.61091132978529;
 -55.13355416593145;
 694.5348100175116]
第13幅图像的旋转矩阵：
[0.9920001036334645, 0.125814762196415, 0.01031697652683468;
 -0.1258667553168785, 0.9920367086930447, 0.004552857506232348;
 -0.009662002752883685, -0.005814999478123967, 0.9999364137203288]
第13幅图像的平移向量：
[2.019073986196303;
 2.039914262424793;
 0.2287744459141977]

第14幅图像的旋转向量：
[-13.08630174263662;
 -58.8517288128899;
 715.5520004358343]
第14幅图像的旋转矩阵：
[-0.2309058676170828, -0.9676049767116129, -0.1020935323265922;
 0.9712830526934487, -0.2230442736578821, -0.08282803594751546;
 0.05737344203111209, -0.1182871972419097, 0.9913205471078244]
第14幅图像的平移向量：
[1.844049720981548;
 2.185774338034073;
 0.2381886986613425]

第15幅图像的旋转向量：
[-15.00107310645115;
 -53.71223218867735;
 693.3402495908636]
第15幅图像的旋转矩阵：
[-0.2789754541719811, 0.9591652672296819, 0.04663352988730203;
 -0.9549034353064679, -0.2719407180967406, -0.1191959524519833;
 -0.1016470619813643, -0.07778326286060547, 0.9917749940431626]
第15幅图像的平移向量：
[-1.92920143430699;
 -2.043911352970888;
 0.231713987550534]

第16幅图像的旋转向量：
[-7.944480096401473;
 -73.3636582742425;
 703.770556869538]
第16幅图像的旋转矩阵：
[-0.717467728663497, 0.6945712644566534, 0.05301713796055289;
 -0.6905726554336634, -0.6992215641193402, -0.1849286668902421;
 -0.09137541186633004, -0.1692925363434223, 0.9813208299249891]
第16幅图像的平移向量：
[1.878372507627289;
 2.156829081515658;
 0.207698602664584]

第17幅图像的旋转向量：
[-43.38088144027359;
 -55.95663606908248;
 700.3594717193159]
第17幅图像的旋转矩阵：
[0.9775861036006291, -0.2097524703716767, -0.01814693417409532;
 0.2099729110764094, 0.9776428265993826, 0.01121963514860877;
 0.01538787383098591, -0.01477852400439588, 0.9997723783778051]
第17幅图像的平移向量：
[-1.929790780518015;
 -2.111409529288595;
 0.208718814532273]

第18幅图像的旋转向量：
[-38.98089591460114;
 -78.37179086082357;
 718.5903596487831]
第18幅图像的旋转矩阵：
[0.2354071498926021, -0.960827428376774, -0.1462673123370925;
 0.9697681728450464, 0.242171420676809, -0.03004486552068236;
 0.06428969370141552, -0.1347726080709676, 0.9887887435633189]
第18幅图像的平移向量：
[-1.825586236451177;
 -2.246156018995457;
 0.07942165524048914]


